ID,LV,Value1,Value2,EXP
901101,HP_LV1,50.0,150.0,100
901102,HP_LV2,75.0,225.0,200
901103,HP_LV3,75.0,300.0,400
901104,HP_LV4,125.0,425.0,800
901105,HP_LV5,150.0,575.0,1200
901106,HP_LV6,200.0,775.0,2000
901107,HP_LV7,225.0,1000.0,3000
901108,HP_LV8,300.0,1300.0,5000
901109,HP_LV9,400.0,1700.0,8000
901110,HP_LV10,800.0,2500.0,10000
