ID,LV,Value1,Value2,Value3,Value4,EXP,Value5,Value6
911101,1,1.0,26.0,0.5,10.5,200,0.0,0.0
911102,2,1.0,27.0,0.5,11.0,1000,0.0,0.0
911103,3,1.0,28.0,0.5,11.5,2000,0.0,0.0
911104,4,2.0,30.0,1.0,12.5,3000,0.0,0.0
911105,5,2.0,32.0,1.5,14.0,4400,0.0,0.0
911106,6,2.5,34.5,1.5,15.5,9800,0.0,0.0
911107,7,3.0,37.5,2.0,17.5,12000,0.0,0.0
911108,8,3.5,41.0,2.5,20.0,15000,0.0,0.0
911109,9,4.0,45.0,4.0,24.0,18000,0.0,0.0
911110,10,5.0,50.0,6.0,30.0,24000,0.0,0.0
