ID,LV,Value1,Value2,EXP,Value3,Value4,Value5,Value6
911201,1,1.000,1.000,800,0.0,0.0,0.0,0.0
911202,2,1.000,2.000,4000,0.0,0.0,0.0,0.0
911203,3,1.500,3.500,5600,0.0,0.0,0.0,0.0
911204,4,1.500,5.000,8000,0.0,0.0,0.0,0.0
911205,5,1.500,6.500,10000,0.0,0.0,0.0,0.0
911206,6,2.000,8.500,14000,0.0,0.0,0.0,0.0
911207,7,2.000,10.500,20000,0.0,0.0,0.0,0.0
911208,8,2.500,13.000,36000,0.0,0.0,0.0,0.0
911209,9,3.000,16.000,56000,0.0,0.0,0.0,0.0
911210,10,4.000,20.000,72000,0.0,0.0,0.0,0.0
