ID,LV,Value1,Value2,EXP,Value3,Value4,Value5,Value6
911301,1,0.010,0.510,500,0.0,0.0,0.0,0.0
911302,2,0.010,0.520,3000,0.0,0.0,0.0,0.0
911303,3,0.010,0.530,5000,0.0,0.0,0.0,0.0
911304,4,0.020,0.550,6500,0.0,0.0,0.0,0.0
911305,5,0.020,0.570,8200,0.0,0.0,0.0,0.0
911306,6,0.025,0.595,10300,0.0,0.0,0.0,0.0
911307,7,0.030,0.625,14000,0.0,0.0,0.0,0.0
911308,8,0.040,0.665,20000,0.0,0.0,0.0,0.0
911309,9,0.055,0.720,32000,0.0,0.0,0.0,0.0
911310,10,0.080,0.800,45000,0.0,0.0,0.0,0.0
